layout_spectrum: 0.4022556
color:
  saturation: 0.5011963
  lightness: 0.1926291
  brandStrength: 0.1787982
  rhythmicContrast: 0.8363705
typography_spectrum: 0.4119296
name: "Hinshaw's Photography"
